>> x = pi/2

x =

    1.5708

>> y = sin(x)

y =

     1

>> z = sqrt(-9)

z =

   0.0000 + 3.0000i

>> format long
x

x =

   1.570796326794897

>> format short 
x

x =

    1.5708

>> 
